tempo 5000
note 384 484 34 37 77
note 384 484 34 44 73
note 384 484 34 49 76
note 384 484 34 56 96
note 384 484 34 53 94
note 384 484 34 63 76
note 384 484 34 77 41
note 384 484 34 82 84
note 384 484 34 37 77
note 384 484 34 44 73
note 384 484 34 49 76
note 384 484 34 56 96
note 384 484 34 53 94
note 384 484 34 53 1
note 384 484 34 49 1
note 384 484 34 56 1
note 624 724 34 56 0
note 624 724 34 49 0
note 624 724 34 56 0
note 624 724 34 44 0
note 624 724 34 44 0
note 624 724 34 56 0
note 624 724 34 53 0
note 624 724 34 49 0
note 624 724 34 37 0
note 624 724 34 37 0
note 624 724 34 53 0
note 624 724 34 49 0
note 624 724 34 53 0
note 624 724 34 39 85
note 624 724 34 51 75
note 624 724 34 58 91
note 624 724 34 55 73
note 624 724 34 51 41
note 624 724 34 80 57
note 624 724 34 39 85
note 624 724 34 51 75
note 624 724 34 58 91
note 624 724 34 55 73
note 624 724 34 55 1
note 624 724 34 51 1
note 624 724 34 58 1
note 768 868 34 58 0
note 768 868 34 51 0
note 768 868 34 58 0
note 768 868 34 51 0
note 768 868 34 58 0
note 768 868 34 39 0
note 768 868 34 55 0
note 768 868 34 39 0
note 768 868 34 55 0
note 768 868 34 51 0
note 768 868 34 55 0
note 768 868 34 63 85
note 768 868 34 60 84
note 768 868 34 56 53
note 768 868 34 53 76
note 768 868 34 48 73
note 768 868 34 41 42
note 768 868 34 63 85
note 768 868 34 60 84
note 768 868 34 56 53
note 768 868 34 53 76
note 768 868 34 48 73
note 768 868 34 41 42
note 768 868 34 56 1
note 768 868 34 60 1
note 768 868 34 53 1
note 1008 1108 34 53 0
note 1008 1108 34 60 0
note 1008 1108 34 53 0
note 1008 1108 34 41 0
note 1008 1108 34 48 0
note 1008 1108 34 60 0
note 1008 1108 34 63 0
note 1008 1108 34 48 0
note 1008 1108 34 63 0
note 1008 1108 34 56 0
note 1008 1108 34 53 0
note 1008 1108 34 56 0
note 1008 1108 34 56 0
note 1008 1108 34 41 0
note 1008 1108 34 60 0
note 1008 1108 34 39 57
note 1008 1108 34 58 70
note 1008 1108 34 51 55
note 1008 1108 34 55 65
note 1008 1108 34 63 89
note 1008 1108 34 39 57
note 1008 1108 34 58 70
note 1008 1108 34 51 55
note 1008 1108 34 55 65
note 1008 1108 34 63 89
note 1008 1108 34 55 1
note 1008 1108 34 51 1
note 1008 1108 34 58 1
note 1152 1252 34 58 0
note 1152 1252 34 51 0
note 1152 1252 34 55 0
note 1152 1252 34 63 0
note 1152 1252 34 58 0
note 1152 1252 34 77 0
note 1152 1252 34 39 0
note 1152 1252 34 58 0
note 1152 1252 34 51 0
note 1152 1252 34 63 0
note 1152 1252 34 55 0
note 1152 1252 34 55 0
note 1152 1252 34 51 0
note 1152 1252 34 39 0
note 1152 1252 34 37 77
note 1152 1252 34 44 73
note 1152 1252 34 49 76
note 1152 1252 34 56 96
note 1152 1252 34 53 94
note 1152 1252 34 77 67
note 1152 1252 34 37 77
note 1152 1252 34 44 73
note 1152 1252 34 49 76
note 1152 1252 34 56 96
note 1152 1252 34 53 94
note 1152 1252 34 53 1
note 1152 1252 34 49 1
note 1152 1252 34 56 1
note 1392 1492 34 56 0
note 1392 1492 34 49 0
note 1392 1492 34 53 0
note 1392 1492 34 53 0
note 1392 1492 34 44 0
note 1392 1492 34 37 0
note 1392 1492 34 44 0
note 1392 1492 34 49 0
note 1392 1492 34 53 0
note 1392 1492 34 56 0
note 1392 1492 34 56 0
note 1392 1492 34 37 0
note 1392 1492 34 49 0
note 1392 1492 34 39 85
note 1392 1492 34 51 75
note 1392 1492 34 58 91
note 1392 1492 34 55 73
note 1392 1492 34 39 85
note 1392 1492 34 51 75
note 1392 1492 34 58 91
note 1392 1492 34 55 73
note 1392 1492 34 55 1
note 1392 1492 34 51 1
note 1392 1492 34 58 1
note 1536 1636 34 58 0
note 1536 1636 34 51 0
note 1536 1636 34 58 0
note 1536 1636 34 80 0
note 1536 1636 34 39 0
note 1536 1636 34 39 0
note 1536 1636 34 58 0
note 1536 1636 34 51 0
note 1536 1636 34 55 0
note 1536 1636 34 55 0
note 1536 1636 34 55 0
note 1536 1636 34 51 0
note 1536 1636 34 63 85
note 1536 1636 34 60 84
note 1536 1636 34 56 53
note 1536 1636 34 53 76
note 1536 1636 34 48 73
note 1536 1636 34 41 42
note 1536 1636 34 80 93
note 1536 1636 34 63 85
note 1536 1636 34 60 84
note 1536 1636 34 56 53
note 1536 1636 34 53 76
note 1536 1636 34 48 73
note 1536 1636 34 41 42
note 1536 1636 34 56 1
note 1536 1636 34 60 1
note 1536 1636 34 53 1
note 1632 1732 34 39 31
note 1776 1876 34 53 0
note 1776 1876 34 60 0
note 1776 1876 34 41 0
note 1776 1876 34 53 0
note 1776 1876 34 48 0
note 1776 1876 34 56 0
note 1776 1876 34 48 0
note 1776 1876 34 63 0
note 1776 1876 34 63 0
note 1776 1876 34 60 0
note 1776 1876 34 56 0
note 1776 1876 34 53 0
note 1776 1876 34 56 0
note 1776 1876 34 41 0
note 1776 1876 34 60 0
note 1776 1876 34 63 89
note 1776 1876 34 39 57
note 1776 1876 34 58 70
note 1776 1876 34 51 55
note 1776 1876 34 55 65
note 1776 1876 34 39 57
note 1776 1876 34 58 70
note 1776 1876 34 51 55
note 1776 1876 34 55 65
note 1776 1876 34 63 89
note 1776 1876 34 55 1
note 1776 1876 34 51 1
note 1776 1876 34 58 1
note 1920 2020 34 58 0
note 1920 2020 34 55 0
note 1920 2020 34 80 0
note 1920 2020 34 63 0
note 1920 2020 34 39 0
note 1920 2020 34 39 0
note 1920 2020 34 63 0
note 1920 2020 34 77 0
note 1920 2020 34 51 0
note 1920 2020 34 39 0
note 1920 2020 34 82 0
note 1920 2020 34 63 0
note 1920 2020 34 51 0
note 1920 2020 34 58 0
note 1920 2020 34 55 0
note 1920 2020 34 58 0
note 1920 2020 34 55 0
note 1920 2020 34 51 0
note 1920 2020 34 51 0
note 1920 2020 34 56 107
note 1920 2020 34 53 109
note 1920 2020 34 49 91
note 1920 2020 34 37 93
note 1920 2020 34 63 107
note 1920 2020 34 63 122
note 1920 2020 34 56 107
note 1920 2020 34 53 109
note 1920 2020 34 49 91
note 1920 2020 34 37 93
note 1920 2020 34 63 107
note 1920 2020 34 56 107
note 1920 2020 34 53 109
note 1920 2020 34 49 91
note 1920 2020 34 37 93
note 1920 2020 34 63 107
note 1920 2020 34 36 127
note 1920 2020 34 53 1
note 1920 2020 34 49 1
note 1920 2020 34 56 1
note 1930 2030 34 36 0
note 1944 2044 34 63 0
note 1944 2044 34 37 0
note 1944 2044 34 37 0
note 1944 2044 34 56 0
note 1944 2044 34 56 0
note 1944 2044 34 56 0
note 1944 2044 34 53 0
note 1944 2044 34 63 0
note 1944 2044 34 37 0
note 1944 2044 34 53 0
note 1944 2044 34 49 0
note 1944 2044 34 49 0
note 1944 2044 34 49 0
note 1944 2044 34 53 0
note 1944 2044 34 63 0
note 1951 2051 34 63 0
note 2016 2116 34 85 119
note 2016 2116 34 37 122
note 2025 2125 34 37 0
note 2027 2127 34 85 0
note 2160 2260 34 49 0
note 2160 2260 34 53 0
note 2160 2260 34 56 0
note 2160 2260 34 60 91
note 2160 2260 34 63 94
note 2160 2260 34 56 96
note 2160 2260 34 55 77
note 2160 2260 34 53 87
note 2160 2260 34 56 105
note 2160 2260 34 60 91
note 2160 2260 34 63 94
note 2160 2260 34 56 96
note 2160 2260 34 55 77
note 2160 2260 34 53 87
note 2160 2260 34 60 91
note 2160 2260 34 63 94
note 2160 2260 34 56 96
note 2160 2260 34 55 77
note 2160 2260 34 53 87
note 2160 2260 34 36 122
note 2160 2260 34 56 1
note 2160 2260 34 53 1
note 2160 2260 34 60 1
note 2169 2269 34 56 0
note 2170 2270 34 36 0
note 2184 2284 34 53 0
note 2184 2284 34 53 0
note 2184 2284 34 60 0
note 2184 2284 34 63 0
note 2184 2284 34 63 0
note 2184 2284 34 53 0
note 2184 2284 34 60 0
note 2184 2284 34 63 0
note 2184 2284 34 56 0
note 2184 2284 34 56 0
note 2184 2284 34 55 0
note 2184 2284 34 55 0
note 2184 2284 34 56 0
note 2184 2284 34 60 0
note 2184 2284 34 55 0
note 2184 2284 34 56 93
note 2195 2295 34 56 0
note 2208 2308 34 60 103
note 2208 2308 34 63 112
note 2208 2308 34 55 77
note 2208 2308 34 56 94
note 2208 2308 34 53 94
note 2208 2308 34 63 109
note 2208 2308 34 60 103
note 2208 2308 34 63 112
note 2208 2308 34 55 77
note 2208 2308 34 56 94
note 2208 2308 34 53 94
note 2208 2308 34 60 103
note 2208 2308 34 63 112
note 2208 2308 34 55 77
note 2208 2308 34 56 94
note 2208 2308 34 53 94
note 2208 2308 34 37 127
note 2208 2308 34 85 119
note 2218 2318 34 37 0
note 2218 2318 34 63 0
note 2219 2319 34 85 0
note 2232 2332 34 63 0
note 2232 2332 34 60 0
note 2232 2332 34 56 0
note 2232 2332 34 63 0
note 2232 2332 34 56 0
note 2232 2332 34 63 0
note 2232 2332 34 55 0
note 2232 2332 34 56 0
note 2232 2332 34 53 0
note 2232 2332 34 53 0
note 2232 2332 34 55 0
note 2232 2332 34 60 0
note 2232 2332 34 53 0
note 2232 2332 34 55 0
note 2232 2332 34 60 0
note 2232 2332 34 63 103
note 2243 2343 34 63 0
note 2256 2356 34 63 109
note 2275 2375 34 63 0
note 2304 2404 34 53 0
note 2304 2404 34 60 0
note 2304 2404 34 56 0
note 2304 2404 34 56 101
note 2304 2404 34 60 112
note 2304 2404 34 63 105
note 2304 2404 34 55 91
note 2304 2404 34 53 105
note 2304 2404 34 41 93
note 2304 2404 34 63 109
note 2304 2404 34 56 101
note 2304 2404 34 60 112
note 2304 2404 34 63 105
note 2304 2404 34 55 91
note 2304 2404 34 53 105
note 2304 2404 34 41 93
note 2304 2404 34 56 101
note 2304 2404 34 60 112
note 2304 2404 34 63 105
note 2304 2404 34 55 91
note 2304 2404 34 53 105
note 2304 2404 34 41 93
note 2304 2404 34 36 127
note 2304 2404 34 56 1
note 2304 2404 34 60 1
note 2304 2404 34 53 1
note 2314 2414 34 36 0
note 2315 2415 34 63 0
note 2328 2428 34 53 0
note 2328 2428 34 55 0
note 2328 2428 34 63 0
note 2328 2428 34 63 0
note 2328 2428 34 55 0
note 2328 2428 34 56 0
note 2328 2428 34 56 0
note 2328 2428 34 41 0
note 2328 2428 34 53 0
note 2328 2428 34 41 0
note 2328 2428 34 60 0
note 2328 2428 34 60 0
note 2328 2428 34 63 0
note 2328 2428 34 55 0
note 2328 2428 34 41 0
note 2328 2428 34 56 0
note 2328 2428 34 53 0
note 2328 2428 34 60 0
note 2352 2452 34 60 94
note 2364 2464 34 60 0
note 2376 2476 34 60 105
note 2397 2497 34 60 0
note 2400 2500 34 85 119
note 2400 2500 34 37 122
note 2409 2509 34 37 0
note 2411 2511 34 85 0
note 2424 2524 34 58 112
note 2440 2540 34 58 0
note 2472 2572 34 58 96
note 2489 2589 34 58 0
note 2520 2620 34 56 112
note 2537 2637 34 56 0
note 2544 2644 34 53 0
note 2544 2644 34 60 0
note 2544 2644 34 56 0
note 2544 2644 34 56 107
note 2544 2644 34 60 98
note 2544 2644 34 55 93
note 2544 2644 34 41 91
note 2544 2644 34 56 105
note 2544 2644 34 56 107
note 2544 2644 34 60 98
note 2544 2644 34 55 93
note 2544 2644 34 41 91
note 2544 2644 34 56 107
note 2544 2644 34 60 98
note 2544 2644 34 55 93
note 2544 2644 34 41 91
note 2544 2644 34 36 122
note 2544 2644 34 53 1
note 2544 2644 34 56 1
note 2544 2644 34 60 1
note 2550 2650 34 56 0
note 2554 2654 34 36 0
note 2568 2668 34 60 0
note 2568 2668 34 55 0
note 2568 2668 34 56 0
note 2568 2668 34 60 0
note 2568 2668 34 56 0
note 2568 2668 34 41 0
note 2568 2668 34 55 0
note 2568 2668 34 41 0
note 2568 2668 34 56 0
note 2568 2668 34 41 0
note 2568 2668 34 60 0
note 2568 2668 34 55 0
note 2592 2692 34 56 107
note 2592 2692 34 55 93
note 2592 2692 34 60 94
note 2592 2692 34 41 84
note 2592 2692 34 63 119
note 2592 2692 34 56 107
note 2592 2692 34 55 93
note 2592 2692 34 60 94
note 2592 2692 34 41 84
note 2592 2692 34 56 107
note 2592 2692 34 55 93
note 2592 2692 34 60 94
note 2592 2692 34 41 84
note 2592 2692 34 37 127
note 2592 2692 34 85 119
note 2602 2702 34 37 0
note 2603 2703 34 85 0
note 2604 2704 34 63 0
note 2616 2716 34 41 0
note 2616 2716 34 56 0
note 2616 2716 34 55 0
note 2616 2716 34 60 0
note 2616 2716 34 56 0
note 2616 2716 34 56 0
note 2616 2716 34 60 0
note 2616 2716 34 41 0
note 2616 2716 34 55 0
note 2616 2716 34 55 0
note 2616 2716 34 41 0
note 2616 2716 34 60 0
note 2640 2740 34 55 101
note 2640 2740 34 60 103
note 2640 2740 34 56 109
note 2640 2740 34 41 81
note 2640 2740 34 63 114
note 2640 2740 34 55 101
note 2640 2740 34 60 103
note 2640 2740 34 56 109
note 2640 2740 34 41 81
note 2640 2740 34 55 101
note 2640 2740 34 60 103
note 2640 2740 34 56 109
note 2640 2740 34 41 81
note 2652 2752 34 63 0
note 2664 2764 34 41 0
note 2664 2764 34 55 0
note 2664 2764 34 60 0
note 2664 2764 34 56 0
note 2664 2764 34 56 0
note 2664 2764 34 55 0
note 2664 2764 34 41 0
note 2664 2764 34 55 0
note 2664 2764 34 60 0
note 2664 2764 34 60 0
note 2664 2764 34 41 0
note 2664 2764 34 56 0
note 2688 2788 34 60 0
note 2688 2788 34 53 0
note 2688 2788 34 56 0
note 2688 2788 34 56 107
note 2688 2788 34 53 109
note 2688 2788 34 49 91
note 2688 2788 34 37 93
note 2688 2788 34 63 107
note 2688 2788 34 63 119
note 2688 2788 34 56 107
note 2688 2788 34 53 109
note 2688 2788 34 49 91
note 2688 2788 34 37 93
note 2688 2788 34 63 107
note 2688 2788 34 56 107
note 2688 2788 34 53 109
note 2688 2788 34 49 91
note 2688 2788 34 37 93
note 2688 2788 34 63 107
note 2688 2788 34 36 127
note 2688 2788 34 53 1
note 2688 2788 34 49 1
note 2688 2788 34 56 1
note 2698 2798 34 36 0
note 2701 2801 34 63 0
note 2712 2812 34 63 0
note 2712 2812 34 63 0
note 2712 2812 34 56 0
note 2712 2812 34 53 0
note 2712 2812 34 53 0
note 2712 2812 34 63 0
note 2712 2812 34 56 0
note 2712 2812 34 53 0
note 2712 2812 34 49 0
note 2712 2812 34 49 0
note 2712 2812 34 37 0
note 2712 2812 34 37 0
note 2712 2812 34 49 0
note 2712 2812 34 56 0
note 2712 2812 34 37 0
note 2736 2836 34 60 98
note 2748 2848 34 60 0
note 2760 2860 34 60 107
note 2778 2878 34 60 0
note 2784 2884 34 85 119
note 2784 2884 34 37 122
note 2793 2893 34 37 0
note 2795 2895 34 85 0
note 2808 2908 34 58 89
note 2815 2915 34 58 0
note 2832 2932 34 58 94
note 2843 2943 34 58 0
note 2880 2980 34 60 101
note 2910 3010 34 60 0
note 2928 3028 34 56 0
note 2928 3028 34 49 0
note 2928 3028 34 53 0
note 2928 3028 34 60 91
note 2928 3028 34 63 94
note 2928 3028 34 56 96
note 2928 3028 34 55 77
note 2928 3028 34 53 87
note 2928 3028 34 53 109
note 2928 3028 34 60 91
note 2928 3028 34 63 94
note 2928 3028 34 56 96
note 2928 3028 34 55 77
note 2928 3028 34 53 87
note 2928 3028 34 60 91
note 2928 3028 34 63 94
note 2928 3028 34 56 96
note 2928 3028 34 55 77
note 2928 3028 34 53 87
note 2928 3028 34 36 122
note 2928 3028 34 56 1
note 2928 3028 34 53 1
note 2928 3028 34 60 1
note 2938 3038 34 36 0
note 2941 3041 34 53 0
note 2952 3052 34 53 0
note 2952 3052 34 53 0
note 2952 3052 34 60 0
note 2952 3052 34 63 0
note 2952 3052 34 63 0
note 2952 3052 34 53 0
note 2952 3052 34 60 0
note 2952 3052 34 63 0
note 2952 3052 34 56 0
note 2952 3052 34 56 0
note 2952 3052 34 55 0
note 2952 3052 34 55 0
note 2952 3052 34 56 0
note 2952 3052 34 60 0
note 2952 3052 34 55 0
note 2952 3052 34 53 91
note 2967 3067 34 53 0
note 2976 3076 34 60 103
note 2976 3076 34 63 112
note 2976 3076 34 55 77
note 2976 3076 34 56 94
note 2976 3076 34 53 94
note 2976 3076 34 60 96
note 2976 3076 34 60 103
note 2976 3076 34 63 112
note 2976 3076 34 55 77
note 2976 3076 34 56 94
note 2976 3076 34 53 94
note 2976 3076 34 60 103
note 2976 3076 34 63 112
note 2976 3076 34 55 77
note 2976 3076 34 56 94
note 2976 3076 34 53 94
note 2976 3076 34 37 127
note 2976 3076 34 85 119
note 2986 3086 34 37 0
note 2987 3087 34 85 0
note 2994 3094 34 60 0
note 3000 3100 34 63 0
note 3000 3100 34 60 0
note 3000 3100 34 56 0
note 3000 3100 34 63 0
note 3000 3100 34 56 0
note 3000 3100 34 63 0
note 3000 3100 34 55 0
note 3000 3100 34 56 0
note 3000 3100 34 53 0
note 3000 3100 34 53 0
note 3000 3100 34 55 0
note 3000 3100 34 60 0
note 3000 3100 34 53 0
note 3000 3100 34 55 0
note 3000 3100 34 60 0
note 3024 3124 34 58 105
note 3049 3149 34 58 0
note 3072 3172 34 56 0
note 3072 3172 34 60 0
note 3072 3172 34 53 0
note 3072 3172 34 56 101
note 3072 3172 34 60 112
note 3072 3172 34 63 105
note 3072 3172 34 55 91
note 3072 3172 34 53 105
note 3072 3172 34 41 93
note 3072 3172 34 56 101
note 3072 3172 34 60 112
note 3072 3172 34 63 105
note 3072 3172 34 55 91
note 3072 3172 34 53 105
note 3072 3172 34 41 93
note 3072 3172 34 56 101
note 3072 3172 34 60 112
note 3072 3172 34 63 105
note 3072 3172 34 55 91
note 3072 3172 34 53 105
note 3072 3172 34 41 93
note 3072 3172 34 36 127
note 3072 3172 34 56 1
note 3072 3172 34 60 1
note 3072 3172 34 53 1
note 3082 3182 34 36 0
note 3096 3196 34 41 0
note 3096 3196 34 53 0
note 3096 3196 34 55 0
note 3096 3196 34 63 0
note 3096 3196 34 55 0
note 3096 3196 34 56 0
note 3096 3196 34 56 0
note 3096 3196 34 41 0
note 3096 3196 34 53 0
note 3096 3196 34 41 0
note 3096 3196 34 60 0
note 3096 3196 34 60 0
note 3096 3196 34 63 0
note 3096 3196 34 55 0
note 3096 3196 34 63 0
note 3096 3196 34 56 0
note 3096 3196 34 53 0
note 3096 3196 34 60 0
note 3168 3268 34 85 119
note 3168 3268 34 37 122
note 3177 3277 34 37 0
note 3179 3279 34 85 0
note 3312 3412 34 56 0
note 3312 3412 34 60 0
note 3312 3412 34 53 0
note 3312 3412 34 56 107
note 3312 3412 34 60 98
note 3312 3412 34 55 93
note 3312 3412 34 41 91
note 3312 3412 34 56 107
note 3312 3412 34 60 98
note 3312 3412 34 55 93
note 3312 3412 34 41 91
note 3312 3412 34 56 107
note 3312 3412 34 60 98
note 3312 3412 34 55 93
note 3312 3412 34 41 91
note 3312 3412 34 36 122
note 3312 3412 34 53 1
note 3312 3412 34 56 1
note 3312 3412 34 60 1
note 3322 3422 34 36 0
note 3336 3436 34 60 0
note 3336 3436 34 55 0
note 3336 3436 34 56 0
note 3336 3436 34 60 0
note 3336 3436 34 60 0
note 3336 3436 34 41 0
note 3336 3436 34 55 0
note 3336 3436 34 41 0
note 3336 3436 34 56 0
note 3336 3436 34 56 0
note 3336 3436 34 55 0
note 3336 3436 34 41 0
note 3360 3460 34 56 107
note 3360 3460 34 55 93
note 3360 3460 34 60 94
note 3360 3460 34 41 84
note 3360 3460 34 56 107
note 3360 3460 34 55 93
note 3360 3460 34 60 94
note 3360 3460 34 41 84
note 3360 3460 34 56 107
note 3360 3460 34 55 93
note 3360 3460 34 60 94
note 3360 3460 34 41 84
note 3360 3460 34 37 127
note 3360 3460 34 85 119
note 3370 3470 34 37 0
note 3371 3471 34 85 0
note 3384 3484 34 41 0
note 3384 3484 34 56 0
note 3384 3484 34 55 0
note 3384 3484 34 60 0
note 3384 3484 34 41 0
note 3384 3484 34 56 0
note 3384 3484 34 60 0
note 3384 3484 34 56 0
note 3384 3484 34 55 0
note 3384 3484 34 55 0
note 3384 3484 34 41 0
note 3384 3484 34 60 0
note 3408 3508 34 55 101
note 3408 3508 34 60 103
note 3408 3508 34 56 109
note 3408 3508 34 41 81
note 3408 3508 34 55 101
note 3408 3508 34 60 103
note 3408 3508 34 56 109
note 3408 3508 34 41 81
note 3408 3508 34 55 101
note 3408 3508 34 60 103
note 3408 3508 34 56 109
note 3408 3508 34 41 81
note 3408 3508 34 36 127
note 3417 3517 34 36 0
note 3432 3532 34 41 0
note 3432 3532 34 55 0
note 3432 3532 34 60 0
note 3432 3532 34 56 0
note 3432 3532 34 56 0
note 3432 3532 34 55 0
note 3432 3532 34 41 0
note 3432 3532 34 55 0
note 3432 3532 34 60 0
note 3432 3532 34 60 0
note 3432 3532 34 41 0
note 3432 3532 34 56 0
note 3450 3550 34 58 89
note 3456 3556 34 53 0
note 3456 3556 34 60 0
note 3456 3556 34 56 0
note 3456 3556 34 56 107
note 3456 3556 34 53 109
note 3456 3556 34 49 91
note 3456 3556 34 37 93
note 3456 3556 34 63 107
note 3456 3556 34 63 119
note 3456 3556 34 56 107
note 3456 3556 34 53 109
note 3456 3556 34 49 91
note 3456 3556 34 37 93
note 3456 3556 34 63 107
note 3456 3556 34 56 107
note 3456 3556 34 53 109
note 3456 3556 34 49 91
note 3456 3556 34 37 93
note 3456 3556 34 63 107
note 3456 3556 34 36 127
note 3456 3556 34 53 1
note 3456 3556 34 49 1
note 3456 3556 34 56 1
note 3466 3566 34 36 0
note 3480 3580 34 63 0
note 3480 3580 34 37 0
note 3480 3580 34 49 0
note 3480 3580 34 63 0
note 3480 3580 34 49 0
note 3480 3580 34 49 0
note 3480 3580 34 63 0
note 3480 3580 34 53 0
note 3480 3580 34 37 0
note 3480 3580 34 56 0
note 3480 3580 34 53 0
note 3480 3580 34 56 0
note 3480 3580 34 53 0
note 3480 3580 34 37 0
note 3480 3580 34 56 0
note 3487 3587 34 63 0
note 3488 3588 34 58 0
note 3498 3598 34 56 68
note 3523 3623 34 56 0
note 3528 3628 34 39 112
note 3535 3635 34 39 0
note 3542 3642 34 56 63
note 3552 3652 34 85 119
note 3552 3652 34 37 122
note 3561 3661 34 37 0
note 3563 3663 34 85 0
note 3570 3670 34 56 0
note 3589 3689 34 58 73
note 3600 3700 34 39 112
note 3606 3706 34 39 0
note 3619 3719 34 58 0
note 3641 3741 34 58 59
note 3666 3766 34 58 0
note 3691 3791 34 56 51
note 3696 3796 34 49 0
note 3696 3796 34 53 0
note 3696 3796 34 56 0
note 3696 3796 34 60 91
note 3696 3796 34 63 94
note 3696 3796 34 56 96
note 3696 3796 34 55 77
note 3696 3796 34 53 87
note 3696 3796 34 60 91
note 3696 3796 34 63 94
note 3696 3796 34 56 96
note 3696 3796 34 55 77
note 3696 3796 34 53 87
note 3696 3796 34 60 91
note 3696 3796 34 63 94
note 3696 3796 34 56 96
note 3696 3796 34 55 77
note 3696 3796 34 53 87
note 3696 3796 34 36 122
note 3696 3796 34 56 1
note 3696 3796 34 53 1
note 3696 3796 34 60 1
note 3706 3806 34 36 0
note 3714 3814 34 56 0
note 3720 3820 34 53 0
note 3720 3820 34 53 0
note 3720 3820 34 60 0
note 3720 3820 34 63 0
note 3720 3820 34 63 0
note 3720 3820 34 53 0
note 3720 3820 34 60 0
note 3720 3820 34 63 0
note 3720 3820 34 56 0
note 3720 3820 34 56 0
note 3720 3820 34 55 0
note 3720 3820 34 55 0
note 3720 3820 34 56 0
note 3720 3820 34 60 0
note 3720 3820 34 55 0
note 3737 3837 34 56 65
note 3744 3844 34 60 103
note 3744 3844 34 63 112
note 3744 3844 34 55 77
note 3744 3844 34 56 94
note 3744 3844 34 53 94
note 3744 3844 34 63 93
note 3744 3844 34 60 103
note 3744 3844 34 63 112
note 3744 3844 34 55 77
note 3744 3844 34 56 94
note 3744 3844 34 53 94
note 3744 3844 34 60 103
note 3744 3844 34 63 112
note 3744 3844 34 55 77
note 3744 3844 34 56 94
note 3744 3844 34 53 94
note 3744 3844 34 37 127
note 3744 3844 34 85 119
note 3753 3853 34 63 0
note 3754 3854 34 37 0
note 3755 3855 34 85 0
note 3768 3868 34 53 0
note 3768 3868 34 60 0
note 3768 3868 34 55 0
note 3768 3868 34 60 0
note 3768 3868 34 55 0
note 3768 3868 34 55 0
note 3768 3868 34 60 0
note 3768 3868 34 63 0
note 3768 3868 34 63 0
note 3768 3868 34 53 0
note 3768 3868 34 56 0
note 3768 3868 34 56 0
note 3768 3868 34 53 0
note 3768 3868 34 56 0
note 3768 3868 34 63 0
note 3768 3868 34 56 0
note 3788 3888 34 58 51
note 3792 3892 34 63 112
note 3805 3905 34 58 0
note 3806 3906 34 63 0
note 3832 3932 34 58 87
note 3840 3940 34 53 0
note 3840 3940 34 60 0
note 3840 3940 34 56 0
note 3840 3940 34 56 101
note 3840 3940 34 60 112
note 3840 3940 34 63 105
note 3840 3940 34 55 91
note 3840 3940 34 53 105
note 3840 3940 34 41 93
note 3840 3940 34 63 119
note 3840 3940 34 56 101
note 3840 3940 34 60 112
note 3840 3940 34 63 105
note 3840 3940 34 55 91
note 3840 3940 34 53 105
note 3840 3940 34 41 93
note 3840 3940 34 56 101
note 3840 3940 34 60 112
note 3840 3940 34 63 105
note 3840 3940 34 55 91
note 3840 3940 34 53 105
note 3840 3940 34 41 93
note 3840 3940 34 36 127
note 3840 3940 34 56 1
note 3840 3940 34 60 1
note 3840 3940 34 53 1
note 3850 3950 34 36 0
note 3862 3962 34 58 0
note 3863 3963 34 63 0
note 3864 3964 34 53 0
note 3864 3964 34 63 0
note 3864 3964 34 60 0
note 3864 3964 34 63 0
note 3864 3964 34 55 0
note 3864 3964 34 56 0
note 3864 3964 34 56 0
note 3864 3964 34 53 0
note 3864 3964 34 53 0
note 3864 3964 34 41 0
note 3864 3964 34 60 0
note 3864 3964 34 60 0
note 3864 3964 34 63 0
note 3864 3964 34 55 0
note 3864 3964 34 41 0
note 3864 3964 34 41 0
note 3864 3964 34 55 0
note 3864 3964 34 56 0
note 3878 3978 34 56 75
note 3888 3988 34 60 91
note 3900 4000 34 60 0
note 3903 4003 34 56 0
note 3912 4012 34 60 89
note 3912 4012 34 39 112
note 3919 4019 34 39 0
note 3924 4024 34 60 0
note 3925 4025 34 56 58
note 3936 4036 34 60 96
note 3936 4036 34 85 119
note 3936 4036 34 37 122